LocalTimestamp,EmotiBitTimestamp,PacketNumber,DataLength,TypeTag,ProtocolVersion,DataReliability,BI
1713787995.590965,121947,18022,1,BI,1,100,1600
1713787996.350974,122707,18138,1,BI,1,100,760
1713787996.870981,123227,18224,1,BI,1,100,520
1713787998.884007,125240,18563,1,BI,1,100,2000
1713788000.044022,126400,18744,1,BI,1,100,1160
1713788000.764031,127120,18862,1,BI,1,100,720
1713788001.804044,128160,19028,1,BI,1,100,1040
1713788006.097100,132453,19743,1,BI,1,100,4280
1713788007.257114,133613,19924,1,BI,1,100,1160
1713788008.777134,135133,20175,1,BI,1,100,1520
1713788009.657145,136013,20327,1,BI,1,100,880
1713788010.537156,136893,20477,1,BI,1,100,880
1713788011.496169,137852,20627,1,BI,1,100,960
1713788012.096176,138452,20726,1,BI,1,100,600
1713788013.630196,139986,20978,1,BI,1,100,1520
1713788014.589208,140945,21142,1,BI,1,100,960
1713788015.389219,141745,21263,1,BI,1,100,800
1713788017.189242,143545,21560,1,BI,1,100,1800
1713788017.909251,144265,21681,1,BI,1,100,720
1713788018.789262,145145,21833,1,BI,1,100,880
1713788019.629273,145985,21965,1,BI,1,100,840
1713788023.002316,149358,22512,1,BI,1,100,3360
1713788023.642325,149998,22629,1,BI,1,100,640
1713788025.802352,152158,22979,1,BI,1,100,2160
1713788026.362360,152718,23064,1,BI,1,100,560
1713788027.082369,153438,23180,1,BI,1,100,720
1713788027.975380,154331,23328,1,BI,1,100,880
1713788029.055394,155411,23516,1,BI,1,100,1080
1713788029.975406,156331,23666,1,BI,1,100,920
1713788030.495413,156851,23749,1,BI,1,100,520
1713788032.774442,159130,24112,1,BI,1,100,2280
1713788034.694466,161050,24430,1,BI,1,100,1920
1713788035.947482,162303,24629,1,BI,1,100,1240
1713788037.747505,164103,24928,1,BI,1,100,1800
1713788038.427514,164783,25049,1,BI,1,100,680
1713788041.427553,167783,25526,1,BI,1,100,3000
1713788042.267564,168623,25676,1,BI,1,100,840
1713788042.960572,169316,25776,1,BI,1,100,680
1713788043.720582,170076,25914,1,BI,1,100,760
1713788044.640594,170996,26063,1,BI,1,100,920
1713788046.560619,172916,26378,1,BI,1,100,1920
1713788047.360629,173716,26511,1,BI,1,100,800
1713788049.039650,175395,26779,1,BI,1,100,1680
1713788049.853661,176209,26912,1,BI,1,100,800
1713788050.893674,177249,27085,1,BI,1,100,1040
1713788052.052689,178408,27285,1,BI,1,100,1160
1713788052.772698,179128,27402,1,BI,1,100,720
1713788053.932713,180288,27588,1,BI,1,100,1160
1713788056.292743,182648,27986,1,BI,1,100,2360
1713788057.025753,183381,28103,1,BI,1,100,720
1713788058.105767,184461,28284,1,BI,1,100,1080
1713788059.025779,185381,28440,1,BI,1,100,920
1713788060.985804,187341,28754,1,BI,1,100,1960
1713788063.545836,189901,29163,1,BI,1,100,2560
1713788065.558862,191914,29500,1,BI,1,100,2000
1713788068.597901,194953,29977,1,BI,1,100,3040
1713788069.477913,195833,30132,1,BI,1,100,880
1713788070.077920,196433,30235,1,BI,1,100,600
1713788071.770942,198126,30516,1,BI,1,100,1680
1713788074.850981,201206,31015,1,BI,1,100,3080
1713788075.890995,202246,31185,1,BI,1,100,1040
1713788077.131011,203486,31400,1,BI,1,100,1240
1713788078.904034,205259,31678,1,BI,1,100,1760
1713788080.824058,207179,32002,1,BI,1,100,1920
1713788081.544067,207899,32117,1,BI,1,100,720
1713788082.344078,208699,32250,1,BI,1,100,800
1713788082.944085,209299,32350,1,BI,1,100,600
1713788085.383117,211738,32759,1,BI,1,100,2440
1713788086.077126,212432,32878,1,BI,1,100,680
1713788086.877136,213232,33013,1,BI,1,100,800
1713788088.196153,214551,33229,1,BI,1,100,1320
1713788090.476182,216831,33584,1,BI,1,100,2280
1713788093.929226,220284,34145,1,BI,1,100,3440
1713788095.929252,222284,34485,1,BI,1,100,2000
1713788096.769263,223124,34622,1,BI,1,100,840
1713788098.169281,224524,34851,1,BI,1,100,1400
1713788098.969291,225324,34984,1,BI,1,100,800
1713788099.729301,226084,35101,1,BI,1,100,760
1713788100.622312,226977,35239,1,BI,1,100,880
1713788101.342321,227697,35358,1,BI,1,100,720
1713788102.062331,228417,35473,1,BI,1,100,720
1713788102.582337,228937,35557,1,BI,1,100,520
1713788104.022356,230377,35803,1,BI,1,100,1440
1713788104.981368,231336,35941,1,BI,1,100,960
1713788108.354411,234709,36488,1,BI,1,100,3360
1713788108.994420,235349,36606,1,BI,1,100,640
1713788109.754429,236109,36725,1,BI,1,100,760
1713788110.514439,236869,36848,1,BI,1,100,760
1713788111.274449,237629,36987,1,BI,1,100,760
1713788112.234461,238589,37137,1,BI,1,100,960
1713788112.754468,239109,37224,1,BI,1,100,520
1713788114.047484,240402,37440,1,BI,1,100,1280
1713788114.807494,241162,37572,1,BI,1,100,760
1713788115.647505,242002,37696,1,BI,1,100,840
1713788117.607530,243962,38027,1,BI,1,100,1960
1713788118.407540,244762,38159,1,BI,1,100,800
1713788119.287552,245642,38291,1,BI,1,100,880
1713788119.967560,246322,38411,1,BI,1,100,680
1713788120.447567,246802,38485,1,BI,1,100,480
1713788120.900572,247255,38569,1,BI,1,100,440
1713788121.300577,247655,38637,1,BI,1,100,400
1713788122.220589,248575,38785,1,BI,1,100,920
1713788123.420605,249775,38983,1,BI,1,100,1200
1713788125.220628,251575,39263,1,BI,1,100,1800
1713788126.659646,253014,39504,1,BI,1,100,1440
1713788127.139652,253494,39587,1,BI,1,100,480
1713788127.779661,254134,39686,1,BI,1,100,640
1713788129.192679,255547,39919,1,BI,1,100,1400
1713788129.592684,255947,39986,1,BI,1,100,400
1713788129.912688,256267,40037,1,BI,1,100,320
1713788130.832700,257187,40193,1,BI,1,100,920
1713788131.832713,258187,40359,1,BI,1,100,1000
1713788132.312719,258667,40428,1,BI,1,100,480
1713788133.312732,259667,40593,1,BI,1,100,1000
1713788133.792738,260147,40677,1,BI,1,100,480
1713788134.592748,260947,40809,1,BI,1,100,800
1713788135.365758,261720,40929,1,BI,1,100,760
1713788136.045767,262400,41034,1,BI,1,100,680
1713788136.565773,262920,41118,1,BI,1,100,520
1713788137.165781,263520,41219,1,BI,1,100,600
1713788137.845790,264200,41336,1,BI,1,100,680
1713788138.605799,264960,41452,1,BI,1,100,760
1713788139.005805,265360,41520,1,BI,1,100,400
1713788142.218846,268573,42035,1,BI,1,100,3200
1713788143.698865,270053,42284,1,BI,1,100,1480
1713788144.058869,270413,42334,1,BI,1,100,360
1713788145.417887,271772,42569,1,BI,1,100,1360
1713788146.937907,273292,42806,1,BI,1,100,1520
1713788148.950932,275305,43136,1,BI,1,100,2000
1713788150.910957,277265,43473,1,BI,1,100,1960
1713788151.670967,278025,43591,1,BI,1,100,760
1713788152.070972,278425,43658,1,BI,1,100,400
1713788152.430977,278785,43709,1,BI,1,100,360
1713788153.350989,279705,43858,1,BI,1,100,920
1713788154.030997,280385,43974,1,BI,1,100,680
1713788154.844008,281198,44108,1,BI,1,100,800
1713788156.444028,282798,44363,1,BI,1,100,1600
1713788157.444041,283798,44533,1,BI,1,100,1000
1713788158.124050,284478,44651,1,BI,1,100,680
1713788158.764058,285118,44751,1,BI,1,100,640
1713788160.164076,286518,44987,1,BI,1,100,1400
1713788160.364079,286718,45025,1,BI,1,100,200
1713788160.924086,287278,45108,1,BI,1,100,560
1713788162.177102,288531,45319,1,BI,1,100,1240
1713788162.857111,289211,45439,1,BI,1,100,680
1713788164.257128,290611,45674,1,BI,1,100,1400
1713788165.136140,291490,45807,1,BI,1,100,880
1713788168.309180,294663,46326,1,BI,1,100,3160
1713788169.110191,295464,46459,1,BI,1,100,800
1713788169.789200,296143,46575,1,BI,1,100,680
1713788171.029216,297383,46777,1,BI,1,100,1240
1713788171.829226,298183,46901,1,BI,1,100,800
1713788172.989241,299343,47082,1,BI,1,100,1160
1713788173.669249,300023,47198,1,BI,1,100,680
1713788174.802264,301156,47384,1,BI,1,100,1120
1713788175.322271,301676,47471,1,BI,1,100,520
1713788176.042280,302396,47586,1,BI,1,100,720
1713788177.242295,303596,47788,1,BI,1,100,1200
1713788178.282309,304636,47955,1,BI,1,100,1040
1713788178.722314,305076,48024,1,BI,1,100,440
1713788179.282321,305636,48125,1,BI,1,100,560
1713788180.482337,306836,48326,1,BI,1,100,1200
1713788182.135358,308489,48580,1,BI,1,100,1640
1713788185.654403,312008,49160,1,BI,1,100,3520
1713788186.174410,312528,49246,1,BI,1,100,520
1713788186.814418,313168,49352,1,BI,1,100,640
1713788187.748430,314102,49501,1,BI,1,100,920
1713788189.268450,315622,49749,1,BI,1,100,1520
1713788189.987459,316341,49866,1,BI,1,100,720
1713788192.147486,318501,50221,1,BI,1,100,2160
1713788194.880522,321234,50664,1,BI,1,100,2720
1713788196.120537,322474,50865,1,BI,1,100,1240
1713788197.520555,323874,51104,1,BI,1,100,1400
1713788199.080575,325434,51354,1,BI,1,100,1560
1713788203.053626,329407,52018,1,BI,1,100,3960
1713788203.933638,330287,52150,1,BI,1,100,880
1713788205.012651,331366,52317,1,BI,1,100,1080
1713788205.732661,332086,52453,1,BI,1,100,720
1713788207.305681,333659,52697,1,BI,1,100,1560
1713788208.225693,334579,52847,1,BI,1,100,920
1713788211.145730,337499,53330,1,BI,1,100,2920
1713788211.665737,338019,53415,1,BI,1,100,520
1713788213.078755,339432,53650,1,BI,1,100,1400
1713788213.958766,340312,53782,1,BI,1,100,880
1713788215.558787,341912,54047,1,BI,1,100,1600
1713788216.278796,342632,54164,1,BI,1,100,720
1713788217.998818,344352,54450,1,BI,1,100,1720
1713788218.571826,344925,54536,1,BI,1,100,560
1713788222.051870,348405,55117,1,BI,1,100,3480
1713788223.611890,349965,55370,1,BI,1,100,1560
1713788224.410900,350764,55504,1,BI,1,100,800
1713788227.344938,353698,55975,1,BI,1,100,2920
1713788228.904958,355258,56227,1,BI,1,100,1560
1713788231.237988,357591,56614,1,BI,1,100,2320
1713788232.116999,358470,56767,1,BI,1,100,880
1713788233.677019,360030,57028,1,BI,1,100,1560
1713788235.677045,362030,57367,1,BI,1,100,2000
1713788236.797059,363150,57549,1,BI,1,100,1120
1713788237.650070,364003,57682,1,BI,1,100,840
1713788238.410080,364763,57806,1,BI,1,100,760
1713788239.410093,365763,57955,1,BI,1,100,1000
1713788240.570108,366923,58160,1,BI,1,100,1160
1713788241.170115,367523,58265,1,BI,1,100,600
1713788242.490132,368843,58484,1,BI,1,100,1320
1713788245.183167,371536,58900,1,BI,1,100,2680
1713788245.943177,372296,59035,1,BI,1,100,760
1713788246.783187,373136,59169,1,BI,1,100,840
1713788247.463196,373816,59284,1,BI,1,100,680
1713788248.463209,374816,59443,1,BI,1,100,1000
1713788248.982216,375335,59528,1,BI,1,100,520
1713788249.836226,376189,59682,1,BI,1,100,840
1713788250.756238,377109,59837,1,BI,1,100,920
1713788252.675263,379028,60151,1,BI,1,100,1920
1713788253.355272,379708,60257,1,BI,1,100,680
1713788254.275284,380628,60405,1,BI,1,100,920
1713788254.955292,381308,60522,1,BI,1,100,680
1713788255.728302,382081,60640,1,BI,1,100,760
1713788256.488312,382841,60773,1,BI,1,100,760
1713788257.968331,384321,61020,1,BI,1,100,1480
1713788258.888343,385241,61157,1,BI,1,100,920
1713788260.328361,386681,61390,1,BI,1,100,1440
1713788260.968369,387321,61506,1,BI,1,100,640
1713788262.581390,388934,61769,1,BI,1,100,1600
1713788264.821419,391174,62120,1,BI,1,100,2240
1713788265.541428,391894,62237,1,BI,1,100,720
1713788266.021434,392374,62322,1,BI,1,100,480
1713788266.901445,393254,62472,1,BI,1,100,880
1713788267.314451,393667,62542,1,BI,1,100,400
1713788268.434465,394787,62723,1,BI,1,100,1120
1713788269.914484,396267,62959,1,BI,1,100,1480
1713788270.394490,396747,63045,1,BI,1,100,480
1713788271.393503,397746,63213,1,BI,1,100,1000
1713788272.753520,399106,63430,1,BI,1,100,1360
1713788273.353528,399706,63529,1,BI,1,100,600
1713788274.287540,400640,63651,1,BI,1,100,920
1713788274.726546,401079,63735,1,BI,1,100,440
1713788275.686558,402039,63885,1,BI,1,100,960
1713788276.926574,403279,64084,1,BI,1,100,1240
1713788278.286592,404639,64320,1,BI,1,100,1360
1713788279.006601,405359,64427,1,BI,1,100,720
1713788281.699635,408052,64883,1,BI,1,100,2680
1713788282.739649,409092,65049,1,BI,1,100,1040
1713788283.219655,409572,65133,1,BI,1,100,480
1713788283.779662,410132,65217,1,BI,1,100,560
1713788284.699674,411052,65372,1,BI,1,100,920
1713788286.192693,412545,87,1,BI,1,100,1480
1713788289.392734,415745,608,1,BI,1,100,3200
1713788289.832740,416185,691,1,BI,1,100,440
1713788290.192744,416545,742,1,BI,1,100,360
1713788291.072756,417425,893,1,BI,1,100,880
1713788291.925766,418278,1025,1,BI,1,100,840
1713788292.565775,418918,1142,1,BI,1,100,640
1713788293.005780,419358,1210,1,BI,1,100,440
1713788293.525787,419878,1292,1,BI,1,100,520
1713788295.244809,421597,1577,1,BI,1,100,1720
1713788296.484825,422837,1777,1,BI,1,100,1240
1713788297.204834,423557,1894,1,BI,1,100,720
1713788297.578839,423931,1961,1,BI,1,100,360
1713788298.618852,424971,2125,1,BI,1,100,1040
1713788299.258861,425611,2244,1,BI,1,100,640
1713788300.737880,427090,2486,1,BI,1,100,1480
1713788301.297887,427650,2587,1,BI,1,100,560
1713788302.657904,429010,2801,1,BI,1,100,1360
1713788303.550916,429903,2950,1,BI,1,100,880
1713788303.990921,430343,3020,1,BI,1,100,440
1713788304.390926,430743,3087,1,BI,1,100,400
1713788305.430940,431783,3262,1,BI,1,100,1040
1713788307.230963,433583,3558,1,BI,1,100,1800
1713788308.070974,434423,3693,1,BI,1,100,840
1713788309.030986,435383,3842,1,BI,1,100,960
1713788310.124000,436476,4030,1,BI,1,100,1080
1713788311.484017,437836,4246,1,BI,1,100,1360
1713788312.284028,438636,4378,1,BI,1,100,800
1713788313.004037,439356,4497,1,BI,1,100,720
1713788313.724046,440076,4633,1,BI,1,100,720
1713788316.297079,442649,5054,1,BI,1,100,2560
1713788316.817086,443169,5140,1,BI,1,100,520
1713788317.497095,443849,5257,1,BI,1,100,680
1713788318.337105,444689,5392,1,BI,1,100,840
1713788319.456120,445808,5583,1,BI,1,100,1120
1713788320.056127,446408,5687,1,BI,1,100,600
1713788320.896138,447248,5822,1,BI,1,100,840
1713788321.549147,447901,5938,1,BI,1,100,640
1713788322.429158,448781,6071,1,BI,1,100,880
1713788323.909177,450261,6319,1,BI,1,100,1480
1713788327.309221,453661,6869,1,BI,1,100,3400
1713788328.162231,454514,7018,1,BI,1,100,840
1713788328.962242,455314,7151,1,BI,1,100,800
